ALLIANCE	800.00	800.0014/10/11	0.00	0.00	2,502	2,430,000	5585	1,944,000,000	1,484,803
ARPICO	125.00	125.0025/10/11	0.00	0.00	28,618	4,462,500	0	557,812,500	4,035,853
AVIVANDB(+)	269.40	272.5028/10/11	272.50	269.00	11,025	30,000,000	1831750	8,082,000,000	20,543,765
CDIC(+)	369.80	394.5024/10/11	0.00	0.00	9,300	43,855,007	0	16,217,581,589	43,840,145
CENTRALFINANCE	230.00	230.0028/10/11	234.00	226.50	5,282,410	104,883,333	11973720	24,123,166,590	66,142,589
CIFL	9.20	9.2028/10/11	9.50	9.00	202,500	83,426,733	1899460	767,525,944	82,250,976
CEYLINCOINS.(+)	774.60	774.6019/10/11	0.00	0.00	2,147,850	20,000,000	0	15,492,000,000	14,410,419
CEYLINCOINS.[X.0000](+)	347.00	359.9028/10/11	359.90	322.10	2,113,072	6,414,480	275100	5,614,802
CDB	69.90	70.6028/10/11	71.00	64.10	1,122,333	46,299,223	11260115	3,236,315,688	14,747,660
CDB[X.0000]	60.20	61.1028/10/11	61.10	55.00	713,428	5,669,293	7294016	5,528,669
COMMERCIALBANK(+)	108.10	108.0028/10/11	109.90	108.00	292,390,516	765,085,320	3049657	82,705,723,092	736,390,042
COMMERCIAL	75.00	75.0028/10/11	75.30	74.00	6,050,160	52,364,846	3290960	49,711,396
DFCCBANK	117.00	117.0028/10/11	120.00	116.90	60,010,911	265,097,688	428250	31,016,429,496	256,985,707
FIRSTCAPITAL	16.70	16.7028/10/11	17.00	16.50	3,324,358	101,250,000	401940	1,690,875,000	99,814,161
HNB[X.0000](+)	82.10	82.0028/10/11	83.00	80.20	14,264,197	77,153,000	802443	63,712,170
HNB(+)	189.00	189.0028/10/11	190.50	188.00	74,676,846	311,220,897	8045470	58,820,749,533	262,843,267
HNBASSURANCE(+)	53.50	53.5028/10/11	53.50	53.20	268,430	50,000,000	90740	2,675,000,000	45,743,966
HDFC(+)	1,600.00	1600.0028/10/11	1600.00	1600.00	46,201	6,471,052	160000	10,353,683,200	5,992,000
LOLC	89.00	89.1028/10/11	90.00	89.00	143,951,960	475,200,000	14377420	42,292,800,000	324,337,010
LANKAVENTURES	35.20	35.2028/10/11	35.20	35.20	400,350	50,000,000	3520	1,760,000,000	49,645,398
LBFINANCE	141.60	144.5028/10/11	144.50	140.00	372,759	69,257,142	257224	9,887,321,102	68,667,468
MERCHANTBANK(+)	34.20	34.2028/10/11	35.00	34.00	1,789,397	135,000,000	2261249	4,617,000,000	134,249,349
NATIONLANKA	18.30	18.4028/10/11	18.80	18.30	2,104,473	199,930,250	3517440	3,658,723,575	180,496,469
NAT.DEV.BANK(+)	128.00	128.0028/10/11	128.00	127.00	63,264,362	164,201,902	4959790	21,017,843,456	141,572,691
NATIONSTRUST(+)	57.80	58.0028/10/11	58.00	57.10	25,340,919	230,607,283	1023865	13,329,100,957	229,421,308
PANASIA(+)	25.00	25.0028/10/11	25.00	24.50	44,827,986	295,041,086	2528632	7,376,027,150	154,897,316
PEOPLE'SMERCH[R.0000]	1.30	1.2028/10/11	1.50	1.00	3,699,548	30,000,000	1499692	8,147,110
PEOPLE'SMERCH	15.90	15.8028/10/11	16.40	15.60	3,100,410	37,500,000	5315460	1,073,250,000	26,910,716
SMBLEASING(+)	2.20	2.2028/10/11	2.30	2.20	81,554,061	826,486,514	2561700	1,818,270,331	815,386,271
SMBLEASING[X.0000](+)	0.70	.8028/10/11	0.80	0.70	36,090,500	560,000,000	588180	552,303,560
SMBLEASING[W.0016](+)	0.30	.3028/10/11	0.30	0.20	5,680,700	460,000,000	450840	459,433,760
SMBLEASING[W.0015](+)	1.00	1.0028/10/11	1.10	1.00	16,745,703	381,455,314	207900	379,507,609
SAMPATH(+)	204.10	204.1028/10/11	210.00	203.80	7,689,393	156,854,190	3984623	32,013,940,179	140,517,524
SEYLANBANK(+)	67.00	67.0028/10/11	67.00	66.50	490,844	173,333,333	107100	11,613,333,311	152,546,914
SEYLANBANK[X.0000](+)	32.00	32.1028/10/11	32.30	31.00	5,086,480	164,746,666	6441850	160,984,070
SINGERFINANCE	28.90	28.7028/10/11	30.10	27.70	126,800	106,666,667	3151743	3,082,666,676	26,116,067
THEFINANCECO.[X.0000]	13.00	13.0028/10/11	13.40	12.80	100,000,000	609590	78,680,700
THEFINANCECO.	43.00	43.0028/10/11	43.90	42.50	516,957	57,966,232	3232775	2,492,547,976	49,366,225
UNIONASSURANCE(+)	95.50	95.5027/10/11	0.00	0.00	15,974	75,000,000	0	7,162,500,000	21,582,904
UNIONBANK(+)	20.30	20.4028/10/11	21.00	20.10	159,692,981	349,250,000	10620960	7,089,775,000	331,992,413
VALLIBELFINANCE	40.80	40.5028/10/11	41.10	40.00	1,330,600	41,550,600	1208420	1,695,264,480	41,453,000
MULTIFINANCE	51.80	51.2028/10/11	52.00	51.00	38,300	22,462,039	476350	1,163,533,620	22,279,546
ABANSFINANCIAL	71.20	71.2028/10/11	74.00	70.20	13,100	37,000,000	64400	2,634,400,000	35,856,405
AMANA(+)	2.40	2.4028/10/11	2.40	2.30	3,093,787	1,000,000,720	3071070	2,400,001,728	991,188,655
CAPITALLEASING(+)	22.35	0.00	0.00	1,999,999	20,000,000	0	0	18,000,001
ASIANALLIANCE(+)	202.60	202.5028/10/11	215.00	200.00	18,900	37,500,000	2379830	7,597,500,000	37,489,569
AMFCOLTD	411.00	411.0025/10/11	0.00	0.00	300	5,608,355	0	2,305,033,905	3,127,336
BIMPUTHLANKA	52.00	52.0028/10/11	52.90	51.00	0	20,200,002	97970	1,050,400,104	20,163,002
CALFINANCE	36.50	36.5028/10/11	36.50	36.00	11,700	33,920,282	61105070	1,238,090,293	33,868,037
CHILAWFINANCE	24.60	24.6028/10/11	25.00	24.60	500	28,083,948	200520	690,865,121	27,825,548
COM.CREDIT	28.10	28.1028/10/11	28.20	28.10	216,600	218,074,365	421880	6,127,889,657	86,314,680
JANASHAKTHIINS.(+)	14.80	14.7028/10/11	14.80	14.70	18,180,000	363,000,132	351870	5,372,401,954	352,022,727
LANKAORIXFINANCE	9.50	9.5028/10/11	9.60	9.50	46,200,600	2,800,000,000	211100	26,600,000,000	2,800,000,000
MERCANTILEINV	1562.00	0.00	0.00	0	3,006,000	0	0	2,960,910
NANDAFINANCE	12.70	12.7028/10/11	13.10	12.70	13,100	100,716,730	139153	1,279,102,471	44,108,000
PEOPLE'SFIN	39.50	39.5028/10/11	40.00	39.50	189,833	68,140,917	35650	2,691,566,222	67,797,815
PEOPLE'SFIN[W.0020]	19.00	19.2028/10/11	19.20	18.60	6,814,091	400054	6,803,258
SENKADAGALA	20.00	0.00	0.00	7,301,432	53,368,000	0	1,067,360,000	46,478,772
SINHAPUTHRAFIN	121.50	124.9019/10/11	0.00	0.00	3,800	6,295,893	4600	764,951,000	5,189,808
SOFTLOGICCAP	35.20	37.5027/10/11	0.00	0.00	174,400	27,200,000	0	957,440,000	10,358,309
SOFTLOGICFIN	49.00	49.0027/10/11	0.00	0.00	85,300	37,453,951	0	1,835,243,599	30,145,538
SWARNAMAHALFIN	65.30	66.4028/10/11	66.40	64.40	27,900	25,000,007	1564490	1,632,500,457	25,000,007
TRADEFINANCE	20.10	20.0028/10/11	20.60	19.10	5,080,040	56,800,400	2756620	1,141,688,040	56,800,400
BAIRAHAFARMS	209.80	211.9028/10/11	214.00	203.70	92,790	16,000,000	1911010	3,356,800,000	8,280,085
CARGILLS	200.00	200.0028/10/11	200.00	200.00	6,958,075	224,000,000	240000	44,800,000,000	137,763,448
CEYLONBEVERAGE	436.00	436.0012/09/11	0.00	0.00	4,421,235	20,988,090	465	9,150,807,240	3,328,189
COLDSTORES	105.00	105.0028/10/11	105.00	104.50	5,352,816	95,040,000	52730	9,979,200,000	87,774,072
TEASERVICES	700.00	700.0027/10/11	0.00	0.00	120,899	20,000,000	0	14,000,000,000	4,622,847
CEYLONTOBACCO(+)	390.00	390.0028/10/11	394.00	390.00	178,572,334	187,323,751	2799758	73,056,262,890	10,706,721
COCOLANKA[X.0000]	45.90	46.0028/10/11	46.00	45.00	137,090	1,800,000	178700	1,799,322
COCOLANKA	64.20	65.9028/10/11	65.90	58.50	86,050	21,600,000	489180	1,386,720,000	10,444,164
CONVENIENCEFOOD	288.50	288.5028/10/11	290.00	278.00	1,243	2,750,000	1235350	793,375,000	2,519,212
DISTILLERIES	166.90	167.0028/10/11	168.00	162.00	56,145,047	300,000,000	745050	50,070,000,000	138,774,536
HARISCHANDRA	2,900.00	2900.0007/10/11	0.00	0.00	8,310	959,800	0	2,783,420,000	406,774
KEELLSFOOD	114.30	114.3027/10/11	0.00	0.00	61,687	8,500,000	0	971,550,000	7,966,149
KOTMALEHOLDINGS	43.10	43.1028/10/11	43.10	43.10	177,510	31,400,000	21550	1,353,340,000	31,249,839
LMF	118.00	118.0028/10/11	118.00	118.00	606,259	39,998,000	23600	4,719,764,000	20,135,843
LIONBREWERY	193.30	195.0024/10/11	0.00	0.00	19,345,777	80,000,000	0	15,464,000,000	14,773,839
NESTLE(+)	855.00	855.0025/10/11	0.00	0.00	50,083,991	53,725,463	0	45,935,270,865	3,636,106
TEASMALLHOLDER	65.50	65.5025/10/11	0.00	0.00	25,700	30,000,000	0	1,965,000,000	29,581,768
THREEACREFARMS(+)	99.40	99.0028/10/11	101.00	98.80	5,339,728	23,545,000	1200410	2,340,373,000	6,437,877
HVAFOODS	42.10	42.1028/10/11	43.50	40.20	519,600	66,428,660	29948780	2,796,646,586	66,342,629
RAIGAMSALTERNS	4.30	4.3028/10/11	4.40	4.20	4,109,400	282,207,320	1044230	1,213,491,476	79,017,600
RENUKAAGRI	6.80	6.7028/10/11	7.00	6.70	61,761,855	401,250,000	996358	2,728,500,000	144,169,701
FERNTEALTD	3.50	3.5016/12/08	0.00	0.00	3,400,967	6,000,000	0	21,000,000	5,845,967
CIC	118.00	118.0028/10/11	120.00	118.00	3,461,653	72,900,000	474802	8,602,200,000	69,167,270
CIC[X.0000]	80.00	80.0028/10/11	80.00	79.50	1,523,702	21,870,000	599520	20,341,665
CHEMANEX	120.00	120.0028/10/11	120.00	120.00	98,537	15,750,000	156000	1,890,000,000	10,346,797
HAYCARB	150.00	150.0028/10/11	150.00	150.00	1,360,372	29,712,375	750000	4,456,856,250	8,586,421
INDUSTRIALASPH.	649.20	649.9027/10/11	0.00	0.00	11,632	666,562	245025	432,732,050	222,337
MORISONS[X.0000]	2,000.00	2000.0027/10/11	0.00	0.00	3,053	174,249	0	151,290
MORISONS	2,755.00	2755.0028/10/11	2755.00	2755.00	13,467	580,829	275500	1,600,183,895	382,118
LANKEMCEYLON	283.00	283.0028/10/11	283.00	280.00	173,833	24,000,000	200450	6,792,000,000	9,084,250
MULLERS	2.80	2.8028/10/11	2.90	2.80	4,198,400	283,000,000	838030	792,400,000	279,001,213
SINGALANKA	162.00	160.0028/10/11	168.00	160.00	3,558,084	5,540,828	85117	897,614,136	5,348,702
UNIONCHEMICALS(+)	750.00	750.0025/10/11	0.00	0.00	10,211	1,500,000	0	1,125,000,000	1,181,516
NAMALACUITYVF[U.0000]	71.60	71.6025/10/11	0.00	0.00	0	10,751,200	0	10,666,000
DOCKYARD(+)	241.00	241.0028/10/11	241.00	241.00	36,333,359	68,437,071	53950	16,493,334,111	30,350,937
LANKEMDEV.	15.90	16.0028/10/11	16.50	15.80	863,245	60,000,000	407278	954,000,000	16,741,302
MTDWALKERS	39.70	40.0028/10/11	41.80	39.00	104,733,110	114,357,140	1833080	4,539,978,458	15,534,559
AITKENSPENCE	127.50	127.5028/10/11	127.50	127.30	151,856,382	405,996,045	599230	51,764,495,738	402,918,420
CTHOLDINGS	173.20	173.0028/10/11	173.60	173.00	14,279,942	183,097,253	86620	31,712,444,220	168,753,829
CARSONS	580.20	580.0028/10/11	585.00	580.00	36,294,749	196,386,914	5249950	113,943,687,503	41,264,645
DUNAMISCAPITAL	15.30	15.5028/10/11	15.50	15.00	9,622,430	122,997,050	68140	1,881,854,865	102,189,895
EXPOLANKA	10.80	10.8028/10/11	10.80	10.40	75,514,700	1,954,915,000	1087900	21,113,082,000	1,950,234,400
FINLAYSCOLOMBO(+)	232.50	267.5021/10/11	0.00	0.00	34,113,445	35,000,000	0	8,137,500,000	34,930,358
HAYLEYS	371.00	371.0028/10/11	371.00	371.00	2,014,185	75,000,000	930830	27,825,000,000	50,771,351
HEMASHOLDINGS	35.00	35.0028/10/11	35.90	34.50	36,816,294	515,290,620	727715	18,035,171,700	245,348,270
JKH	190.50	190.5028/10/11	191.00	190.50	318,812,319	840,553,843	12424137	160,125,507,092	759,223,179
RICHARDPIERIS	9.90	9.9028/10/11	10.00	9.70	1,148,720,470	1,938,235,800	7351440	19,188,534,420	728,463,820
SOFTLOGIC	19.10	19.5028/10/11	19.50	19.00	22,141,900	779,000,000	6307420	14,878,900,000	598,448,280
SUNSHINEHOLDING	31.00	31.0028/10/11	31.10	31.00	45,471,230	133,333,330	93210	4,133,333,230	132,955,960
FORTLAND	51.40	51.2028/10/11	52.50	51.20	1,783,235	180,000,000	2456006	9,252,000,000	77,968,805
BROWNSINVSTMNTS	4.40	4.4028/10/11	4.50	4.40	19,481,200	1,860,000,000	1665530	8,184,000,000	1,465,780,000
FREELANKA	3.30	3.3028/10/11	3.50	3.30	10,462,900	1,368,000,000	3418150	4,514,400,000	1,360,773,200
VALLIBELONE	25.00	25.2028/10/11	25.20	25.00	762,735	1,086,559,353	1269830	27,163,983,825	1,073,349,346
