ALLIANCE	1,213.00	1200.0025/08/11	1239.00	1160.00	1,139	1,620,000	510000	1,965,060,000	978,338
ARPICO	134.10	135.0025/08/11	135.00	130.10	32,218	4,462,500	873440	598,421,250	4,021,618
ASIACAPITAL	94.00	95.0025/08/11	95.00	93.00	99,356,168	110,000,000	1755976	10,340,000,000	109,452,579
AVIVANDB(+)	285.00	285.0023/08/11	0.00	0.00	6,025	30,000,000	300	8,550,000,000	20,529,522
CDIC(+)	375.00	375.0025/08/11	375.00	375.00	4,300	43,855,007	225000	16,445,627,625	43,840,145
CENTRALFINANCE	256.90	260.0025/08/11	266.00	250.00	4,543,130	101,500,000	3461950	26,944,528,248	63,856,360
CIFL	10.40	10.4025/08/11	10.90	10.20	176,600	83,426,733	5310870	867,638,023	82,150,512
CEYLINCOINS.(+)	640.00	640.0025/08/11	640.00	640.00	2,147,650	20,000,000	704000	12,800,000,000	14,400,884
CEYLINCOINS.[X.0000](+)	318.50	320.0024/08/11	0.00	0.00	1,793,572	6,414,480	0	4,435,502
CDB	72.60	72.5025/08/11	73.00	72.50	903,000	39,685,048	1241230	3,361,323,590	10,026,422
COMMERCIAL	155.10	156.0025/08/11	156.00	154.00	2,917,819	24,436,929	4579866	22,780,736
BANK[X.0000]	(+)
COMMERCIALBANK(+)	226.00	226.0025/08/11	230.00	226.00	138,471,450	357,040,227	396829	86,454,641,160	342,602,720
DFCCBANK	136.10	136.1025/08/11	139.00	136.00	60,162,311	265,097,688	3062778	36,079,795,337	256,723,572
FIRSTCAPITAL	19.00	19.0025/08/11	19.20	19.00	2,677,758	101,250,000	1110540	1,923,750,000	99,773,511
HNB(+)	213.00	213.0025/08/11	219.90	213.00	69,988,447	306,420,897	469980	65,267,651,061	257,307,881
HNB[X.0000](+)	111.70	112.0025/08/11	112.90	110.00	10,721,421	72,977,300	4259384	59,125,560
HNBASSURANCE(+)	61.00	61.0025/08/11	63.00	61.00	252,230	50,000,000	521750	3,050,000,000	45,551,830
HDFC(+)	1,500.00	1500.0025/08/11	1500.00	1500.00	46,201	6,471,052	314000	9,706,578,000	5,960,800
LOLC	96.10	96.0025/08/11	97.00	95.30	144,487,160	475,200,000	1527350	45,666,720,000	324,020,670
LANKAVENTURES	43.00	42.8025/08/11	44.30	42.80	578,550	50,000,000	4723950	2,150,000,000	49,613,398
LBFINANCE	168.00	168.0025/08/11	169.90	168.00	391,259	69,257,142	5832910	11,730,719,952	68,658,327
MERCHANTBANK(+)	38.40	38.1025/08/11	39.40	37.20	2,151,797	135,000,000	3554265	5,184,000,000	134,223,981
NATIONLANKA	20.10	20.0025/08/11	20.80	19.70	2,092,673	199,930,250	8204610	4,018,598,025	180,462,550
NAT.DEV.BANK(+)	138.20	138.0025/08/11	138.90	137.00	63,755,362	164,201,902	13200645	22,692,702,856	141,535,099
NATIONSTRUST(+)	62.80	62.6025/08/11	63.00	62.10	25,492,919	230,607,283	1574590	14,482,137,372	229,367,504
PANASIA(+)	24.80	24.6025/08/11	25.10	24.10	44,591,086	295,041,086	1676479	7,317,018,933	154,854,650
PEOPLE'SMERCH	22.00	22.0025/08/11	22.90	21.90	3,073,960	37,500,000	3530023	825,000,000	26,891,153
SMBLEASING[W.0015]	1.10	1.1025/08/11	1.10	1.00	16,810,403	381,455,314	965463	379,435,099
SMBLEASING(+)	2.30	2.3025/08/11	2.30	2.20	78,583,061	826,486,514	381301	1,900,918,982	815,246,967
SMBLEASING[X.0000](+)	0.70	.7025/08/11	0.80	0.70	35,391,300	560,000,000	1404360	551,990,960
SMBLEASING[W.0016]	0.40	.4025/08/11	0.50	0.40	6,201,400	460,000,000	216180	459,433,760
SAMPATH(+)	237.50	236.0025/08/11	238.00	236.00	7,308,456	156,329,266	5649965	37,128,200,675	139,707,390
SEYLANBANK[X.0000](+)	31.10	31.0025/08/11	31.50	30.00	6,756,269	164,746,666	7966541	160,810,240
SEYLANBANK(+)	61.00	60.1025/08/11	61.10	60.00	506,377	173,333,333	5922520	10,573,333,313	139,363,543
SINGERFINANCE	30.10	30.2025/08/11	31.70	27.00	122,000	106,666,667	38896240	3,210,666,677	26,010,967
THEFINANCECO.[X.0000]	13.50	13.7025/08/11	14.30	13.00	100,000,000	757340	73,467,800
THEFINANCECO.	36.00	36.0025/08/11	37.80	35.00	603,757	57,966,232	1055100	2,086,784,352	49,238,884
UNIONASSURANCE(+)	106.00	106.0024/08/11	0.00	0.00	15,474	75,000,000	0	7,950,000,000	21,572,556
UNIONBANK(+)	23.50	23.3025/08/11	23.80	23.20	161,583,881	349,250,000	2001820	8,207,375,000	335,561,578
VALLIBELFINANCE	42.00	42.0025/08/11	42.90	41.00	1,387,600	41,550,600	1048100	1,745,125,200	41,451,400
MULTIFINANCE	45.10	46.0025/08/11	48.50	44.50	22,000	17,976,325	5185620	810,732,258	17,781,952
ABANSFINANCIAL	75.70	77.4025/08/11	77.40	74.00	10,500	37,000,000	29940	2,800,900,000	35,453,303
AMANA(+)	2.20	2.2025/08/11	2.30	2.20	4,319,387	1,000,000,720	12289032	2,200,001,584	990,711,916
CAPITALLEASING(+)	22.35	0.00	0.00	1,999,999	20,000,000	0	0	18,000,001
ASIANALLIANCE(+)	121.40	121.0023/08/11	0.00	0.00	34,900	37,500,000	0	4,552,500,000	37,488,382
AMFCOLTD	605.00	610.0011/08/11	0.00	0.00	300	5,608,355	5888	3,393,054,775	3,125,136
BIMPUTHLANKA	68.90	71.9025/08/11	71.90	68.00	0	20,200,002	89570	1,391,780,138	20,163,002
CHILAWFINANCE	24.60	25.0025/08/11	25.00	24.60	1,500	28,083,948	322480	690,865,121	27,724,548
COM.CREDIT	28.00	27.8025/08/11	29.00	27.80	100,500	218,074,365	2428980	6,106,082,220	85,066,800
JANASHAKTHIINS.(+)	15.60	15.6025/08/11	16.00	15.60	18,069,300	363,000,132	1884050	5,662,802,059	349,904,027
LANKAORIXFINANCE	10.30	10.3025/08/11	10.50	10.10	100,264,500	2,800,000,000	1530850	28,840,000,000	2,800,000,000
MERCANTILEINV	1562.00	0.00	0.00	0	3,006,000	0	0	2,960,910
NANDAFINANCE	17.10	17.0025/08/11	19.10	16.70	100	100,716,730	980940	1,722,256,083	36,608,000
PEOPLE'SLFIN	47.60	47.6025/08/11	49.10	45.50	272,833	68,140,917	4211114	3,243,507,649	67,783,628
PEOPLE'SLFIN[W.0020]	22.00	21.7025/08/11	23.50	21.70	6,814,091	455060	6,801,531
SENKADAGALA	20.00	0.00	0.00	7,301,432	53,368,000	0	1,067,360,000	46,478,772
SINHAPUTHRAFIN	121.60	115.0025/08/11	122.50	115.00	13,900	6,295,893	2346300	765,580,589	5,174,099
SOFTLOGICFIN	47.60	47.0025/08/11	49.00	47.00	86,300	26,752,822	234130	1,782,808,068	19,942,616
SWARNAMAHALFIN	85.40	85.0025/08/11	89.90	85.00	31,800	25,000,007	3860810	2,135,000,598	25,000,007
VANIKINCORPLTD(+)	0.80	.8003/10/08	0.00	0.00	4,030,431	65,481,650	0	52,385,320	61,877,977
BAIRAHAFARMS	256.50	256.0025/08/11	258.50	256.00	57,350	16,000,000	5358990	4,104,000,000	8,270,596
CARGILLS	205.00	205.0025/08/11	206.00	205.00	6,957,675	224,000,000	123120	45,920,000,000	137,709,608
CEYLONBEVERAGE	390.90	390.9008/08/11	0.00	0.00	4,421,335	20,988,090	800	8,204,244,381	3,317,605
COLDSTORES	101.70	101.2025/08/11	104.90	101.00	5,376,916	95,040,000	508260	9,665,568,000	86,093,012
TEASERVICES	813.70	813.1024/08/11	0.00	0.00	120,899	20,000,000	0	16,274,000,000	4,609,431
CEYLONTOBACCO(+)	395.00	395.0025/08/11	395.00	390.50	178,470,436	187,323,751	2960230	73,992,881,645	10,600,431
COCOLANKA[X.0000]	53.90	53.9025/08/11	53.90	53.90	126,805	1,800,000	5390	1,799,069
COCOLANKA	66.10	65.0025/08/11	70.80	64.60	100,750	21,600,000	1098360	1,427,760,000	10,440,478
CONVENIENCEFOOD	340.30	335.0025/08/11	352.00	335.00	1,243	2,750,000	204200	935,825,000	2,518,452
DISTILLERIES	172.00	172.0025/08/11	172.00	171.00	57,378,047	300,000,000	2658660	51,600,000,000	138,629,420
HARISCHANDRA	1,600.00	1600.0019/08/11	0.00	0.00	8,310	959,800	2400	1,535,680,000	406,774
KEELLSFOOD	128.50	128.5025/08/11	128.50	128.50	62,887	8,500,000	12850	1,092,250,000	4,192,991
KOTMALEHOLDINGS	50.70	50.0025/08/11	52.00	49.00	177,010	31,400,000	2184450	1,591,980,000	31,249,539
LMF	96.40	96.0025/08/11	97.00	96.00	4,020,559	39,998,000	414690	3,855,807,200	20,130,927
LIONBREWERY	200.10	200.1025/08/11	201.00	200.00	19,512,977	80,000,000	7025895	16,008,000,000	14,762,974
NESTLE(+)	900.00	900.0025/08/11	900.00	900.00	50,361,491	53,725,463	105406	48,352,916,700	3,586,960
TEASMALLHOLDER	89.90	89.9025/08/11	89.90	89.90	25,700	30,000,000	8990	2,697,000,000	29,578,018
THREEACREFARMS(+)	118.10	118.0025/08/11	122.50	117.50	5,381,228	23,545,000	6634990	2,780,664,500	6,427,625
HVAFOODS	37.90	38.5025/08/11	39.10	34.60	66,428,660	137819840	2,517,646,214	66,299,629
RAIGAMSALTERNS	4.50	4.5025/08/11	4.50	4.50	5,329,700	282,207,320	932400	1,269,932,940	78,966,800
RENUKAAGRI	5.60	5.6025/08/11	5.70	5.60	64,446,755	401,250,000	173390	2,247,000,000	144,111,701
FERNTEALTD	3.50	3.5016/12/08	0.00	0.00	3,400,967	6,000,000	0	21,000,000	5,845,967
CIC	133.00	133.0025/08/11	137.50	133.00	3,663,653	72,900,000	6769490	9,695,700,000	68,774,307
CIC[X.0000]	90.00	90.0025/08/11	90.00	90.00	1,639,402	21,870,000	297000	20,235,686
CHEMANEX	125.00	125.0025/08/11	132.00	125.00	15,750,000	477870	1,968,750,000	10,314,812
HAYCARB	145.00	145.0025/08/11	145.00	139.50	1,240,872	29,712,375	752900	4,308,294,375	8,507,373
INDUSTRIALASPH.	496.20	500.0023/08/11	0.00	0.00	9,432	666,562	0	330,748,064	222,337
MORISONS[X.0000]	2,301.00	2301.0025/08/11	2301.00	2301.00	3,053	174,249	230100	151,050
MORISONS	3,301.00	3301.0025/08/11	3301.00	3301.00	13,467	580,829	346625	1,917,316,529	382,118
LANKEMCEYLON	365.50	360.0025/08/11	367.50	355.00	172,133	24,000,000	3750040	8,772,000,000	9,066,842
MULLERS	2.60	2.7025/08/11	2.70	2.60	5,143,700	283,000,000	406740	735,800,000	278,999,838
SINGALANKA[R.0000]	190.60	191.0025/08/11	225.00	180.00	2,689,435	4,155,621	2062743	116,814
SINGALANKA	330.00	330.0025/08/11	330.00	300.00	844,696	1,385,207	380995	1,828,473,240	1,034,315
UNIONCHEMICALS(+)	760.00	760.0016/08/11	0.00	0.00	10,211	1,500,000	0	1,140,000,000	1,180,916
NAMALACUITYVF[U.0000]	70.50	70.3024/08/11	0.00	0.00	0	10,751,200	0	10,665,000
DOCKYARD(+)	247.00	247.0025/08/11	247.00	247.00	36,641,759	68,437,071	247000	16,903,956,537	30,293,877
LANKEMDEV.	20.50	20.3025/08/11	21.50	20.30	968,845	60,000,000	871020	1,230,000,000	16,736,159
MTDWALKERS	47.50	47.4025/08/11	48.20	47.30	104,672,310	114,357,140	437859	5,431,964,150	15,530,554
AITKENSPENCE	140.00	140.0025/08/11	141.00	140.00	151,632,482	405,996,045	37758970	56,839,446,300	401,521,275
CTHOLDINGS	190.70	190.0025/08/11	192.90	190.00	14,298,342	183,097,253	3453820	34,916,646,147	168,988,822
CARSONS	602.10	602.0025/08/11	605.00	602.00	36,294,633	196,386,914	1641862	118,244,560,919	41,204,357
DUNAMISCAPITAL	19.00	18.9025/08/11	19.30	18.50	8,364,630	122,997,050	868488	2,336,943,950	122,453,847
EXPOLANKA	13.00	12.9025/08/11	13.10	12.90	69,564,800	1,954,915,000	13660260	25,413,895,000	1,842,244,440
FINLAYSCOLOMBO(+)	255.50	260.0022/08/11	0.00	0.00	34,113,445	35,000,000	0	8,942,500,000	34,929,278
HAYLEYS	359.80	360.0024/08/11	0.00	0.00	2,014,473	75,000,000	1681	26,985,000,000	49,917,977
HEMASHOLDINGS	41.00	41.0025/08/11	42.00	40.50	36,690,594	512,040,620	4632380	20,993,665,420	245,335,770
JKH	210.60	210.6025/08/11	212.50	205.00	335,362,235	840,354,098	168634129	176,978,573,039	754,590,278
RICHARDPIERIS	10.50	10.6025/08/11	10.70	10.40	1,149,515,255	1,937,491,535	3657320	20,343,661,118	725,590,180
SUNSHINEHOLDING	37.90	37.5025/08/11	38.00	37.50	45,480,230	133,333,330	245560	5,053,333,207	132,955,960
FORTLAND	62.50	64.0025/08/11	64.00	62.00	1,879,435	180,000,000	2482820	11,250,000,000	77,986,495
BROWNSINVSTMNTS	4.70	4.7025/08/11	4.80	4.60	17,831,000	1,860,000,000	4601280	8,742,000,000	1,465,780,000
FREELANKA	3.80	3.7025/08/11	3.90	3.70	6,662,200	1,368,000,000	2543510	5,198,400,000	1,360,241,300
SOFTLOGIC	23.00	23.0025/08/11	23.40	22.90	20,012,100	779,000,000	25972980	17,917,000,000	591,168,280
VALLIBELONE	28.00	28.1025/08/11	28.40	27.90	2,507,335	1,086,559,353	14527790	30,423,661,884	1,071,471,346
